{
    "Live":  0.0000000000100894,
    "Minute":  0.0000000000100894,
    "Minute_Fluctuation":  0,
    "Minute_5":  0.0000000000100894,
    "Minute_5_Fluctuation":  0,
    "Minute_10":  0.0000000000100894,
    "Minute_10_Fluctuation":  0,
    "Hour":  0.0000000000100894,
    "Hour_Fluctuation":  0,
    "Day":  0.0000000000100894,
    "Day_Fluctuation":  0,
    "ThreeDay":  0.0000000000100894,
    "ThreeDay_Fluctuation":  0,
    "Week":  0.0000000000100894,
    "Week_Fluctuation":  0,
    "Duration":  "00:01:00",
    "Updated":  "\/Date(1705308765544)\/",
    "Failed":  0,
    "HashRate_Live":  21030000,
    "HashRate_Average":  21030000,
    "BlockRate_Live":  0,
    "BlockRate_Average":  0,
    "Diff_Live":  0,
    "Diff_Average":  0,
    "Actual24h_Week":  0,
    "Estimate24h_Week":  0,
    "ErrorRatio":  1
}
