{
    "Live":  0.00000000000000002757,
    "Minute":  0.00000000000000002757,
    "Minute_Fluctuation":  0,
    "Minute_5":  0.00000000000000002757,
    "Minute_5_Fluctuation":  0,
    "Minute_10":  0.00000000000000002757,
    "Minute_10_Fluctuation":  0,
    "Hour":  0.00000000000000002757,
    "Hour_Fluctuation":  0,
    "Day":  0.00000000000000002757,
    "Day_Fluctuation":  0,
    "ThreeDay":  0.00000000000000002757,
    "ThreeDay_Fluctuation":  0,
    "Week":  0.00000000000000002757,
    "Week_Fluctuation":  0,
    "Duration":  "1.00:00:00",
    "Updated":  "\/Date(1705308773770)\/",
    "Failed":  0,
    "HashRate_Live":  4919918710112,
    "HashRate_Average":  4919918710112,
    "BlockRate_Live":  159,
    "BlockRate_Average":  159,
    "Diff_Live":  720731.637,
    "Diff_Average":  720731.637,
    "Actual24h_Week":  0,
    "Estimate24h_Week":  0,
    "ErrorRatio":  1
}
