{
    "Live":  0.00000000000004761,
    "Minute":  0.00000000000004761,
    "Minute_Fluctuation":  0,
    "Minute_5":  0.00000000000004761,
    "Minute_5_Fluctuation":  0,
    "Minute_10":  0.00000000000004761,
    "Minute_10_Fluctuation":  0,
    "Hour":  0.00000000000004761,
    "Hour_Fluctuation":  0,
    "Day":  0.00000000000004761,
    "Day_Fluctuation":  0,
    "ThreeDay":  0.00000000000004761,
    "ThreeDay_Fluctuation":  0,
    "Week":  0.00000000000004761,
    "Week_Fluctuation":  0,
    "Duration":  "1.00:00:00",
    "Updated":  "\/Date(1705308777304)\/",
    "Failed":  0,
    "HashRate_Live":  123909008789,
    "HashRate_Average":  123909008789,
    "BlockRate_Live":  226,
    "BlockRate_Average":  226,
    "Diff_Live":  2542148.2171256673,
    "Diff_Average":  2542148.2171256673,
    "Actual24h_Week":  0,
    "Estimate24h_Week":  0,
    "ErrorRatio":  1
}
