{
    "Live":  0.00000000000043658,
    "Minute":  0.00000000000043658,
    "Minute_Fluctuation":  0,
    "Minute_5":  0.00000000000043658,
    "Minute_5_Fluctuation":  0,
    "Minute_10":  0.00000000000043658,
    "Minute_10_Fluctuation":  0,
    "Hour":  0.00000000000043658,
    "Hour_Fluctuation":  0,
    "Day":  0.00000000000043658,
    "Day_Fluctuation":  0,
    "ThreeDay":  0.00000000000043658,
    "ThreeDay_Fluctuation":  0,
    "Week":  0.00000000000043658,
    "Week_Fluctuation":  0,
    "Duration":  "1.00:00:00",
    "Updated":  "\/Date(1705308776904)\/",
    "Failed":  0,
    "HashRate_Live":  1202381805,
    "HashRate_Average":  1202381805,
    "BlockRate_Live":  22,
    "BlockRate_Average":  22,
    "Diff_Live":  11480980947296,
    "Diff_Average":  11480980947296,
    "Actual24h_Week":  0,
    "Estimate24h_Week":  0,
    "ErrorRatio":  1
}
