{
    "Live":  0.00000000000000509,
    "Minute":  0.00000000000000509,
    "Minute_Fluctuation":  0,
    "Minute_5":  0.00000000000000509,
    "Minute_5_Fluctuation":  0,
    "Minute_10":  0.00000000000000509,
    "Minute_10_Fluctuation":  0,
    "Hour":  0.00000000000000509,
    "Hour_Fluctuation":  0,
    "Day":  0.00000000000000509,
    "Day_Fluctuation":  0,
    "ThreeDay":  0.00000000000000509,
    "ThreeDay_Fluctuation":  0,
    "Week":  0.00000000000000509,
    "Week_Fluctuation":  0,
    "Duration":  "1.00:00:00",
    "Updated":  "\/Date(1705308777637)\/",
    "Failed":  0,
    "HashRate_Live":  91856519028,
    "HashRate_Average":  91856519028,
    "BlockRate_Live":  41,
    "BlockRate_Average":  41,
    "Diff_Live":  92409.1865,
    "Diff_Average":  92409.1865,
    "Actual24h_Week":  0,
    "Estimate24h_Week":  0,
    "ErrorRatio":  1
}
