{
    "Live":  0.00000000104,
    "Minute":  0.00000000104,
    "Minute_Fluctuation":  0,
    "Minute_5":  0.00000000104,
    "Minute_5_Fluctuation":  0,
    "Minute_10":  0.00000000104,
    "Minute_10_Fluctuation":  0,
    "Hour":  0.00000000104,
    "Hour_Fluctuation":  0,
    "Day":  0.00000000104,
    "Day_Fluctuation":  0,
    "ThreeDay":  0.00000000104,
    "ThreeDay_Fluctuation":  0,
    "Week":  0.00000000104,
    "Week_Fluctuation":  0,
    "Duration":  "1.00:00:00",
    "Updated":  "\/Date(1705308773984)\/",
    "Failed":  0,
    "HashRate_Live":  308768,
    "HashRate_Average":  308768,
    "BlockRate_Live":  20,
    "BlockRate_Average":  20,
    "Diff_Live":  215733092.66666666,
    "Diff_Average":  215733092.66666666,
    "Actual24h_Week":  0,
    "Estimate24h_Week":  0,
    "ErrorRatio":  1
}
