{
    "Live":  0.00000000000001901,
    "Minute":  0.00000000000001901,
    "Minute_Fluctuation":  0,
    "Minute_5":  0.00000000000001901,
    "Minute_5_Fluctuation":  0,
    "Minute_10":  0.00000000000001901,
    "Minute_10_Fluctuation":  0,
    "Hour":  0.00000000000001901,
    "Hour_Fluctuation":  0,
    "Day":  0.00000000000001901,
    "Day_Fluctuation":  0,
    "ThreeDay":  0.00000000000001901,
    "ThreeDay_Fluctuation":  0,
    "Week":  0.00000000000001901,
    "Week_Fluctuation":  0,
    "Duration":  "1.00:00:00",
    "Updated":  "\/Date(1705308778002)\/",
    "Failed":  0,
    "HashRate_Live":  37060871933,
    "HashRate_Average":  37060871933,
    "BlockRate_Live":  348,
    "BlockRate_Average":  348,
    "Diff_Live":  2376.62003,
    "Diff_Average":  2376.62003,
    "Actual24h_Week":  0,
    "Estimate24h_Week":  0,
    "ErrorRatio":  1
}
