{
    "Live":  0.00000000000000008,
    "Minute":  0.00000000000000008,
    "Minute_Fluctuation":  0,
    "Minute_5":  0.00000000000000008,
    "Minute_5_Fluctuation":  0,
    "Minute_10":  0.00000000000000008,
    "Minute_10_Fluctuation":  0,
    "Hour":  0.00000000000000008,
    "Hour_Fluctuation":  0,
    "Day":  0.00000000000000008,
    "Day_Fluctuation":  0,
    "ThreeDay":  0.00000000000000008,
    "ThreeDay_Fluctuation":  0,
    "Week":  0.00000000000000008,
    "Week_Fluctuation":  0,
    "Duration":  "1.00:00:00",
    "Updated":  "\/Date(1705308776187)\/",
    "Failed":  0,
    "HashRate_Live":  935141969501,
    "HashRate_Average":  935141969501,
    "BlockRate_Live":  137,
    "BlockRate_Average":  137,
    "Diff_Live":  73434.6982,
    "Diff_Average":  73434.6982,
    "Actual24h_Week":  0,
    "Estimate24h_Week":  0,
    "ErrorRatio":  1
}
