{
    "Live":  0.00000000000000000591,
    "Minute":  0.00000000000000000591,
    "Minute_Fluctuation":  0,
    "Minute_5":  0.00000000000000000591,
    "Minute_5_Fluctuation":  0,
    "Minute_10":  0.00000000000000000591,
    "Minute_10_Fluctuation":  0,
    "Hour":  0.00000000000000000591,
    "Hour_Fluctuation":  0,
    "Day":  0.00000000000000000591,
    "Day_Fluctuation":  0,
    "ThreeDay":  0.00000000000000000591,
    "ThreeDay_Fluctuation":  0,
    "Week":  0.00000000000000000591,
    "Week_Fluctuation":  0,
    "Duration":  "1.00:00:00",
    "Updated":  "\/Date(1705308775449)\/",
    "Failed":  0,
    "HashRate_Live":  39118905729,
    "HashRate_Average":  39118905729,
    "BlockRate_Live":  226,
    "BlockRate_Average":  226,
    "Diff_Live":  1343.4330614083,
    "Diff_Average":  1343.4330614083,
    "Actual24h_Week":  0,
    "Estimate24h_Week":  0,
    "ErrorRatio":  1
}
