{
    "Live":  0.00000000000136,
    "Minute":  0.00000000000136,
    "Minute_Fluctuation":  0,
    "Minute_5":  0.00000000000136,
    "Minute_5_Fluctuation":  0,
    "Minute_10":  0.00000000000136,
    "Minute_10_Fluctuation":  0,
    "Hour":  0.00000000000136,
    "Hour_Fluctuation":  0,
    "Day":  0.00000000000136,
    "Day_Fluctuation":  0,
    "ThreeDay":  0.00000000000136,
    "ThreeDay_Fluctuation":  0,
    "Week":  0.00000000000136,
    "Week_Fluctuation":  0,
    "Duration":  "1.00:00:00",
    "Updated":  "\/Date(1705308778972)\/",
    "Failed":  0,
    "HashRate_Live":  46600297,
    "HashRate_Average":  46600297,
    "BlockRate_Live":  137,
    "BlockRate_Average":  137,
    "Diff_Live":  0.467829787,
    "Diff_Average":  0.467829787,
    "Actual24h_Week":  0,
    "Estimate24h_Week":  0,
    "ErrorRatio":  1
}
