{
    "Live":  0.00000005114,
    "Minute":  0.00000005114,
    "Minute_Fluctuation":  0,
    "Minute_5":  0.00000005114,
    "Minute_5_Fluctuation":  0,
    "Minute_10":  0.00000005114,
    "Minute_10_Fluctuation":  0,
    "Hour":  0.00000005114,
    "Hour_Fluctuation":  0,
    "Day":  0.00000005114,
    "Day_Fluctuation":  0,
    "ThreeDay":  0.00000005114,
    "ThreeDay_Fluctuation":  0,
    "Week":  0.00000005114,
    "Week_Fluctuation":  0,
    "Duration":  "1.00:00:00",
    "Updated":  "\/Date(1705308774474)\/",
    "Failed":  0,
    "HashRate_Live":  11679,
    "HashRate_Average":  11679,
    "BlockRate_Live":  159,
    "BlockRate_Average":  159,
    "Diff_Live":  102259.18378095135,
    "Diff_Average":  102259.18378095135,
    "Actual24h_Week":  0,
    "Estimate24h_Week":  0,
    "ErrorRatio":  1
}
