{
    "Live":  0.00000000000000287,
    "Minute":  0.00000000000000287,
    "Minute_Fluctuation":  0,
    "Minute_5":  0.00000000000000287,
    "Minute_5_Fluctuation":  0,
    "Minute_10":  0.00000000000000287,
    "Minute_10_Fluctuation":  0,
    "Hour":  0.00000000000000287,
    "Hour_Fluctuation":  0,
    "Day":  0.00000000000000287,
    "Day_Fluctuation":  0,
    "ThreeDay":  0.00000000000000287,
    "ThreeDay_Fluctuation":  0,
    "Week":  0.00000000000000287,
    "Week_Fluctuation":  0,
    "Duration":  "1.00:00:00",
    "Updated":  "\/Date(1705308777548)\/",
    "Failed":  0,
    "HashRate_Live":  3565223770,
    "HashRate_Average":  3565223770,
    "BlockRate_Live":  183,
    "BlockRate_Average":  183,
    "Diff_Live":  1911.45415,
    "Diff_Average":  1911.45415,
    "Actual24h_Week":  0,
    "Estimate24h_Week":  0,
    "ErrorRatio":  1
}
