{
    "Live":  0.00000000000000065,
    "Minute":  0.00000000000000065,
    "Minute_Fluctuation":  0,
    "Minute_5":  0.00000000000000065,
    "Minute_5_Fluctuation":  0,
    "Minute_10":  0.00000000000000065,
    "Minute_10_Fluctuation":  0,
    "Hour":  0.00000000000000065,
    "Hour_Fluctuation":  0,
    "Day":  0.00000000000000065,
    "Day_Fluctuation":  0,
    "ThreeDay":  0.00000000000000065,
    "ThreeDay_Fluctuation":  0,
    "Week":  0.00000000000000065,
    "Week_Fluctuation":  0,
    "Duration":  "1.00:00:00",
    "Updated":  "\/Date(1705308777152)\/",
    "Failed":  0,
    "HashRate_Live":  87315883400,
    "HashRate_Average":  87315883400,
    "BlockRate_Live":  153,
    "BlockRate_Average":  153,
    "Diff_Live":  324501.35565499996,
    "Diff_Average":  324501.35565499996,
    "Actual24h_Week":  0,
    "Estimate24h_Week":  0,
    "ErrorRatio":  1
}
