{
    "Live":  0.0000000000000317,
    "Minute":  0.0000000000000317,
    "Minute_Fluctuation":  0,
    "Minute_5":  0.0000000000000317,
    "Minute_5_Fluctuation":  0,
    "Minute_10":  0.0000000000000317,
    "Minute_10_Fluctuation":  0,
    "Hour":  0.0000000000000317,
    "Hour_Fluctuation":  0,
    "Day":  0.0000000000000317,
    "Day_Fluctuation":  0,
    "ThreeDay":  0.0000000000000317,
    "ThreeDay_Fluctuation":  0,
    "Week":  0.0000000000000317,
    "Week_Fluctuation":  0,
    "Duration":  "1.00:00:00",
    "Updated":  "\/Date(1705308775017)\/",
    "Failed":  0,
    "HashRate_Live":  4702989189,
    "HashRate_Average":  4702989189,
    "BlockRate_Live":  1307,
    "BlockRate_Average":  1307,
    "Diff_Live":  612738767780,
    "Diff_Average":  612738767780,
    "Actual24h_Week":  0,
    "Estimate24h_Week":  0,
    "ErrorRatio":  1
}
