{
    "Live":  0.00000000000027774,
    "Minute":  0.00000000000027774,
    "Minute_Fluctuation":  0,
    "Minute_5":  0.00000000000027774,
    "Minute_5_Fluctuation":  0,
    "Minute_10":  0.00000000000027774,
    "Minute_10_Fluctuation":  0,
    "Hour":  0.00000000000027774,
    "Hour_Fluctuation":  0,
    "Day":  0.00000000000027774,
    "Day_Fluctuation":  0,
    "ThreeDay":  0.00000000000027774,
    "ThreeDay_Fluctuation":  0,
    "Week":  0.00000000000027774,
    "Week_Fluctuation":  0,
    "Duration":  "1.00:00:00",
    "Updated":  "\/Date(1705308775384)\/",
    "Failed":  0,
    "HashRate_Live":  66156046940,
    "HashRate_Average":  66156046940,
    "BlockRate_Live":  72,
    "BlockRate_Average":  72,
    "Diff_Live":  30470.590754380002,
    "Diff_Average":  30470.590754380002,
    "Actual24h_Week":  0,
    "Estimate24h_Week":  0,
    "ErrorRatio":  1
}
