{
    "Live":  0.00000000001918,
    "Minute":  0.00000000001918,
    "Minute_Fluctuation":  0,
    "Minute_5":  0.00000000001918,
    "Minute_5_Fluctuation":  0,
    "Minute_10":  0.00000000001918,
    "Minute_10_Fluctuation":  0,
    "Hour":  0.00000000001918,
    "Hour_Fluctuation":  0,
    "Day":  0.00000000001918,
    "Day_Fluctuation":  0,
    "ThreeDay":  0.00000000001918,
    "ThreeDay_Fluctuation":  0,
    "Week":  0.00000000001918,
    "Week_Fluctuation":  0,
    "Duration":  "1.00:00:00",
    "Updated":  "\/Date(1705308774096)\/",
    "Failed":  0,
    "HashRate_Live":  1434808,
    "HashRate_Average":  1434808,
    "BlockRate_Live":  103,
    "BlockRate_Average":  103,
    "Diff_Live":  426780641,
    "Diff_Average":  426780641,
    "Actual24h_Week":  0,
    "Estimate24h_Week":  0,
    "ErrorRatio":  1
}
