{
    "Live":  0.00000000001138,
    "Minute":  0.00000000001138,
    "Minute_Fluctuation":  0,
    "Minute_5":  0.00000000001138,
    "Minute_5_Fluctuation":  0,
    "Minute_10":  0.00000000001138,
    "Minute_10_Fluctuation":  0,
    "Hour":  0.00000000001138,
    "Hour_Fluctuation":  0,
    "Day":  0.00000000001138,
    "Day_Fluctuation":  0,
    "ThreeDay":  0.00000000001138,
    "ThreeDay_Fluctuation":  0,
    "Week":  0.00000000001138,
    "Week_Fluctuation":  0,
    "Duration":  "1.00:00:00",
    "Updated":  "\/Date(1705308776407)\/",
    "Failed":  0,
    "HashRate_Live":  150941257,
    "HashRate_Average":  150941257,
    "BlockRate_Live":  955,
    "BlockRate_Average":  955,
    "Diff_Live":  8.90557909,
    "Diff_Average":  8.90557909,
    "Actual24h_Week":  0,
    "Estimate24h_Week":  0,
    "ErrorRatio":  1
}
