{
    "Live":  0.00000000566,
    "Minute":  0.00000000566,
    "Minute_Fluctuation":  0,
    "Minute_5":  0.00000000566,
    "Minute_5_Fluctuation":  0,
    "Minute_10":  0.00000000566,
    "Minute_10_Fluctuation":  0,
    "Hour":  0.00000000566,
    "Hour_Fluctuation":  0,
    "Day":  0.00000000566,
    "Day_Fluctuation":  0,
    "ThreeDay":  0.00000000566,
    "ThreeDay_Fluctuation":  0,
    "Week":  0.00000000566,
    "Week_Fluctuation":  0,
    "Duration":  "1.00:00:00",
    "Updated":  "\/Date(1705308779332)\/",
    "Failed":  0,
    "HashRate_Live":  359820,
    "HashRate_Average":  359820,
    "BlockRate_Live":  219,
    "BlockRate_Average":  219,
    "Diff_Live":  0.0484898677588,
    "Diff_Average":  0.0484898677588,
    "Actual24h_Week":  0,
    "Estimate24h_Week":  0,
    "ErrorRatio":  1
}
