{
    "Live":  0.00000000000001434,
    "Minute":  0.00000000000001434,
    "Minute_Fluctuation":  0,
    "Minute_5":  0.00000000000001434,
    "Minute_5_Fluctuation":  0,
    "Minute_10":  0.00000000000001434,
    "Minute_10_Fluctuation":  0,
    "Hour":  0.00000000000001434,
    "Hour_Fluctuation":  0,
    "Day":  0.00000000000001434,
    "Day_Fluctuation":  0,
    "ThreeDay":  0.00000000000001434,
    "ThreeDay_Fluctuation":  0,
    "Week":  0.00000000000001434,
    "Week_Fluctuation":  0,
    "Duration":  "1.00:00:00",
    "Updated":  "\/Date(1705308775247)\/",
    "Failed":  0,
    "HashRate_Live":  190224145285,
    "HashRate_Average":  190224145285,
    "BlockRate_Live":  90,
    "BlockRate_Average":  90,
    "Diff_Live":  42268.4948,
    "Diff_Average":  42268.4948,
    "Actual24h_Week":  0,
    "Estimate24h_Week":  0,
    "ErrorRatio":  1
}
