{
    "Live":  0.00000000063,
    "Minute":  0.00000000063,
    "Minute_Fluctuation":  0,
    "Minute_5":  0.00000000063,
    "Minute_5_Fluctuation":  0,
    "Minute_10":  0.00000000063,
    "Minute_10_Fluctuation":  0,
    "Hour":  0.00000000063,
    "Hour_Fluctuation":  0,
    "Day":  0.00000000063,
    "Day_Fluctuation":  0,
    "ThreeDay":  0.00000000063,
    "ThreeDay_Fluctuation":  0,
    "Week":  0.00000000063,
    "Week_Fluctuation":  0,
    "Duration":  "1.00:00:00",
    "Updated":  "\/Date(1705308779039)\/",
    "Failed":  0,
    "HashRate_Live":  4901599,
    "HashRate_Average":  4901599,
    "BlockRate_Live":  92,
    "BlockRate_Average":  92,
    "Diff_Live":  0.56849221550000006,
    "Diff_Average":  0.56849221550000006,
    "Actual24h_Week":  0,
    "Estimate24h_Week":  0,
    "ErrorRatio":  1
}
