{
    "Live":  0.00000000000009145,
    "Minute":  0.00000000000009145,
    "Minute_Fluctuation":  0,
    "Minute_5":  0.00000000000009145,
    "Minute_5_Fluctuation":  0,
    "Minute_10":  0.00000000000009145,
    "Minute_10_Fluctuation":  0,
    "Hour":  0.00000000000009145,
    "Hour_Fluctuation":  0,
    "Day":  0.00000000000009145,
    "Day_Fluctuation":  0,
    "ThreeDay":  0.00000000000009145,
    "ThreeDay_Fluctuation":  0,
    "Week":  0.00000000000009145,
    "Week_Fluctuation":  0,
    "Duration":  "1.00:00:00",
    "Updated":  "\/Date(1705308778644)\/",
    "Failed":  0,
    "HashRate_Live":  32023276,
    "HashRate_Average":  32023276,
    "BlockRate_Live":  363,
    "BlockRate_Average":  363,
    "Diff_Live":  1.81181057,
    "Diff_Average":  1.81181057,
    "Actual24h_Week":  0,
    "Estimate24h_Week":  0,
    "ErrorRatio":  1
}
