{
    "Live":  0.0000000000004871,
    "Minute":  0.0000000000004871,
    "Minute_Fluctuation":  0,
    "Minute_5":  0.0000000000004871,
    "Minute_5_Fluctuation":  0,
    "Minute_10":  0.0000000000004871,
    "Minute_10_Fluctuation":  0,
    "Hour":  0.0000000000004871,
    "Hour_Fluctuation":  0,
    "Day":  0.0000000000004871,
    "Day_Fluctuation":  0,
    "ThreeDay":  0.0000000000004871,
    "ThreeDay_Fluctuation":  0,
    "Week":  0.0000000000004871,
    "Week_Fluctuation":  0,
    "Duration":  "1.00:00:00",
    "Updated":  "\/Date(1705308774938)\/",
    "Failed":  0,
    "HashRate_Live":  2669959318,
    "HashRate_Average":  2669959318,
    "BlockRate_Live":  17,
    "BlockRate_Average":  17,
    "Diff_Live":  2299.4183949999997,
    "Diff_Average":  2299.4183949999997,
    "Actual24h_Week":  0,
    "Estimate24h_Week":  0,
    "ErrorRatio":  1
}
