{
    "Live":  0.00000000000249,
    "Minute":  0.00000000000249,
    "Minute_Fluctuation":  0,
    "Minute_5":  0.00000000000249,
    "Minute_5_Fluctuation":  0,
    "Minute_10":  0.00000000000249,
    "Minute_10_Fluctuation":  0,
    "Hour":  0.00000000000249,
    "Hour_Fluctuation":  0,
    "Day":  0.00000000000249,
    "Day_Fluctuation":  0,
    "ThreeDay":  0.00000000000249,
    "ThreeDay_Fluctuation":  0,
    "Week":  0.00000000000249,
    "Week_Fluctuation":  0,
    "Duration":  "1.00:00:00",
    "Updated":  "\/Date(1705308776319)\/",
    "Failed":  0,
    "HashRate_Live":  3823237,
    "HashRate_Average":  3823237,
    "BlockRate_Live":  146,
    "BlockRate_Average":  146,
    "Diff_Live":  3.1553342346666664,
    "Diff_Average":  3.1553342346666664,
    "Actual24h_Week":  0,
    "Estimate24h_Week":  0,
    "ErrorRatio":  1
}
