{
    "Live":  0.00000000000000000261826,
    "Minute":  0.00000000000000000261826,
    "Minute_Fluctuation":  0,
    "Minute_5":  0.00000000000000000261826,
    "Minute_5_Fluctuation":  0,
    "Minute_10":  0.00000000000000000261826,
    "Minute_10_Fluctuation":  0,
    "Hour":  0.00000000000000000261826,
    "Hour_Fluctuation":  0,
    "Day":  0.00000000000000000261826,
    "Day_Fluctuation":  0,
    "ThreeDay":  0.00000000000000000261826,
    "ThreeDay_Fluctuation":  0,
    "Week":  0.00000000000000000261826,
    "Week_Fluctuation":  0,
    "Duration":  "1.00:00:00",
    "Updated":  "\/Date(1705308777448)\/",
    "Failed":  0,
    "HashRate_Live":  8797387572538300,
    "HashRate_Average":  8.7973875725383E+15,
    "BlockRate_Live":  335,
    "BlockRate_Average":  335,
    "Diff_Live":  38371590473.495712,
    "Diff_Average":  38371590473.495712,
    "Actual24h_Week":  0,
    "Estimate24h_Week":  0,
    "ErrorRatio":  1
}
