{
    "Live":  0.0000000001317,
    "Minute":  0.0000000001317,
    "Minute_Fluctuation":  0,
    "Minute_5":  0.0000000001317,
    "Minute_5_Fluctuation":  0,
    "Minute_10":  0.0000000001317,
    "Minute_10_Fluctuation":  0,
    "Hour":  0.0000000001317,
    "Hour_Fluctuation":  0,
    "Day":  0.0000000001317,
    "Day_Fluctuation":  0,
    "ThreeDay":  0.0000000001317,
    "ThreeDay_Fluctuation":  0,
    "Week":  0.0000000001317,
    "Week_Fluctuation":  0,
    "Duration":  "1.00:00:00",
    "Updated":  "\/Date(1705308774306)\/",
    "Failed":  0,
    "HashRate_Live":  5754152,
    "HashRate_Average":  5754152,
    "BlockRate_Live":  43,
    "BlockRate_Average":  43,
    "Diff_Live":  328865136.32863367,
    "Diff_Average":  328865136.32863367,
    "Actual24h_Week":  0,
    "Estimate24h_Week":  0,
    "ErrorRatio":  1
}
