{
    "Live":  0.00000000000000196,
    "Minute":  0.00000000000000196,
    "Minute_Fluctuation":  0,
    "Minute_5":  0.00000000000000196,
    "Minute_5_Fluctuation":  0,
    "Minute_10":  0.00000000000000196,
    "Minute_10_Fluctuation":  0,
    "Hour":  0.00000000000000196,
    "Hour_Fluctuation":  0,
    "Day":  0.00000000000000196,
    "Day_Fluctuation":  0,
    "ThreeDay":  0.00000000000000196,
    "ThreeDay_Fluctuation":  0,
    "Week":  0.00000000000000196,
    "Week_Fluctuation":  0,
    "Duration":  "1.00:00:00",
    "Updated":  "\/Date(1705308777075)\/",
    "Failed":  0,
    "HashRate_Live":  10467350697,
    "HashRate_Average":  10467350697,
    "BlockRate_Live":  49,
    "BlockRate_Average":  49,
    "Diff_Live":  2291.64337,
    "Diff_Average":  2291.64337,
    "Actual24h_Week":  0,
    "Estimate24h_Week":  0,
    "ErrorRatio":  1
}
