{
    "Live":  0.00000000000000004521,
    "Minute":  0.00000000000000004521,
    "Minute_Fluctuation":  0,
    "Minute_5":  0.00000000000000004521,
    "Minute_5_Fluctuation":  0,
    "Minute_10":  0.00000000000000004521,
    "Minute_10_Fluctuation":  0,
    "Hour":  0.00000000000000004521,
    "Hour_Fluctuation":  0,
    "Day":  0.00000000000000004521,
    "Day_Fluctuation":  0,
    "ThreeDay":  0.00000000000000004521,
    "ThreeDay_Fluctuation":  0,
    "Week":  0.00000000000000004521,
    "Week_Fluctuation":  0,
    "Duration":  "1.00:00:00",
    "Updated":  "\/Date(1705308778484)\/",
    "Failed":  0,
    "HashRate_Live":  4038841303945,
    "HashRate_Average":  4038841303945,
    "BlockRate_Live":  397,
    "BlockRate_Average":  397,
    "Diff_Live":  39016803.561000004,
    "Diff_Average":  39016803.561000004,
    "Actual24h_Week":  0,
    "Estimate24h_Week":  0,
    "ErrorRatio":  1
}
