{
    "Live":  0.00000000000008,
    "Minute":  0.00000000000008,
    "Minute_Fluctuation":  0,
    "Minute_5":  0.00000000000008,
    "Minute_5_Fluctuation":  0,
    "Minute_10":  0.00000000000008,
    "Minute_10_Fluctuation":  0,
    "Hour":  0.00000000000008,
    "Hour_Fluctuation":  0,
    "Day":  0.00000000000008,
    "Day_Fluctuation":  0,
    "ThreeDay":  0.00000000000008,
    "ThreeDay_Fluctuation":  0,
    "Week":  0.00000000000008,
    "Week_Fluctuation":  0,
    "Duration":  "1.00:00:00",
    "Updated":  "\/Date(1705308778770)\/",
    "Failed":  0,
    "HashRate_Live":  469124961,
    "HashRate_Average":  469124961,
    "BlockRate_Live":  99,
    "BlockRate_Average":  99,
    "Diff_Live":  52.786567826666669,
    "Diff_Average":  52.786567826666669,
    "Actual24h_Week":  0,
    "Estimate24h_Week":  0,
    "ErrorRatio":  1
}
