{
    "Live":  0.00000000000028791,
    "Minute":  0.00000000000028791,
    "Minute_Fluctuation":  0,
    "Minute_5":  0.00000000000028791,
    "Minute_5_Fluctuation":  0,
    "Minute_10":  0.00000000000028791,
    "Minute_10_Fluctuation":  0,
    "Hour":  0.00000000000028791,
    "Hour_Fluctuation":  0,
    "Day":  0.00000000000028791,
    "Day_Fluctuation":  0,
    "ThreeDay":  0.00000000000028791,
    "ThreeDay_Fluctuation":  0,
    "Week":  0.00000000000028791,
    "Week_Fluctuation":  0,
    "Duration":  "1.00:00:00",
    "Updated":  "\/Date(1705308774774)\/",
    "Failed":  0,
    "HashRate_Live":  11234471226,
    "HashRate_Average":  11234471226,
    "BlockRate_Live":  477,
    "BlockRate_Average":  477,
    "Diff_Live":  3952744821192,
    "Diff_Average":  3952744821192,
    "Actual24h_Week":  0,
    "Estimate24h_Week":  0,
    "ErrorRatio":  1
}
