{
    "Live":  0.00000000000019896,
    "Minute":  0.00000000000019896,
    "Minute_Fluctuation":  0,
    "Minute_5":  0.00000000000019896,
    "Minute_5_Fluctuation":  0,
    "Minute_10":  0.00000000000019896,
    "Minute_10_Fluctuation":  0,
    "Hour":  0.00000000000019896,
    "Hour_Fluctuation":  0,
    "Day":  0.00000000000019896,
    "Day_Fluctuation":  0,
    "ThreeDay":  0.00000000000019896,
    "ThreeDay_Fluctuation":  0,
    "Week":  0.00000000000019896,
    "Week_Fluctuation":  0,
    "Duration":  "1.00:00:00",
    "Updated":  "\/Date(1705308778400)\/",
    "Failed":  0,
    "HashRate_Live":  10239341741,
    "HashRate_Average":  10239341741,
    "BlockRate_Live":  12,
    "BlockRate_Average":  12,
    "Diff_Live":  2158488778697.2,
    "Diff_Average":  2158488778697.2,
    "Actual24h_Week":  0,
    "Estimate24h_Week":  0,
    "ErrorRatio":  1
}
