{
    "Live":  0.00000000000008636,
    "Minute":  0.00000000000008636,
    "Minute_Fluctuation":  0,
    "Minute_5":  0.00000000000008636,
    "Minute_5_Fluctuation":  0,
    "Minute_10":  0.00000000000008636,
    "Minute_10_Fluctuation":  0,
    "Hour":  0.00000000000008636,
    "Hour_Fluctuation":  0,
    "Day":  0.00000000000008636,
    "Day_Fluctuation":  0,
    "ThreeDay":  0.00000000000008636,
    "ThreeDay_Fluctuation":  0,
    "Week":  0.00000000000008636,
    "Week_Fluctuation":  0,
    "Duration":  "1.00:00:00",
    "Updated":  "\/Date(1705308775790)\/",
    "Failed":  0,
    "HashRate_Live":  89220787,
    "HashRate_Average":  89220787,
    "BlockRate_Live":  15,
    "BlockRate_Average":  15,
    "Diff_Live":  84.5791952,
    "Diff_Average":  84.5791952,
    "Actual24h_Week":  0,
    "Estimate24h_Week":  0,
    "ErrorRatio":  1
}
