{
    "Live":  0.00000000000000229,
    "Minute":  0.00000000000000229,
    "Minute_Fluctuation":  0,
    "Minute_5":  0.00000000000000229,
    "Minute_5_Fluctuation":  0,
    "Minute_10":  0.00000000000000229,
    "Minute_10_Fluctuation":  0,
    "Hour":  0.00000000000000229,
    "Hour_Fluctuation":  0,
    "Day":  0.00000000000000229,
    "Day_Fluctuation":  0,
    "ThreeDay":  0.00000000000000229,
    "ThreeDay_Fluctuation":  0,
    "Week":  0.00000000000000229,
    "Week_Fluctuation":  0,
    "Duration":  "1.00:00:00",
    "Updated":  "\/Date(1705308776984)\/",
    "Failed":  0,
    "HashRate_Live":  495264017615,
    "HashRate_Average":  495264017615,
    "BlockRate_Live":  53,
    "BlockRate_Average":  53,
    "Diff_Live":  377303472494110,
    "Diff_Average":  377303472494110,
    "Actual24h_Week":  0,
    "Estimate24h_Week":  0,
    "ErrorRatio":  1
}
