{
    "Live":  0.00000000000015754,
    "Minute":  0.00000000000015754,
    "Minute_Fluctuation":  0,
    "Minute_5":  0.00000000000015754,
    "Minute_5_Fluctuation":  0,
    "Minute_10":  0.00000000000015754,
    "Minute_10_Fluctuation":  0,
    "Hour":  0.00000000000015754,
    "Hour_Fluctuation":  0,
    "Day":  0.00000000000015754,
    "Day_Fluctuation":  0,
    "ThreeDay":  0.00000000000015754,
    "ThreeDay_Fluctuation":  0,
    "Week":  0.00000000000015754,
    "Week_Fluctuation":  0,
    "Duration":  "1.00:00:00",
    "Updated":  "\/Date(1705308775941)\/",
    "Failed":  0,
    "HashRate_Live":  413315555,
    "HashRate_Average":  413315555,
    "BlockRate_Live":  79,
    "BlockRate_Average":  79,
    "Diff_Live":  150.176431,
    "Diff_Average":  150.176431,
    "Actual24h_Week":  0,
    "Estimate24h_Week":  0,
    "ErrorRatio":  1
}
