{
    "Live":  0.00000000000000202,
    "Minute":  0.00000000000000202,
    "Minute_Fluctuation":  0,
    "Minute_5":  0.00000000000000202,
    "Minute_5_Fluctuation":  0,
    "Minute_10":  0.00000000000000202,
    "Minute_10_Fluctuation":  0,
    "Hour":  0.00000000000000202,
    "Hour_Fluctuation":  0,
    "Day":  0.00000000000000202,
    "Day_Fluctuation":  0,
    "ThreeDay":  0.00000000000000202,
    "ThreeDay_Fluctuation":  0,
    "Week":  0.00000000000000202,
    "Week_Fluctuation":  0,
    "Duration":  "1.00:00:00",
    "Updated":  "\/Date(1705308778567)\/",
    "Failed":  0,
    "HashRate_Live":  3676338496,
    "HashRate_Average":  3676338496,
    "BlockRate_Live":  235,
    "BlockRate_Average":  235,
    "Diff_Live":  774.857345,
    "Diff_Average":  774.857345,
    "Actual24h_Week":  0,
    "Estimate24h_Week":  0,
    "ErrorRatio":  1
}
