{
    "Live":  0.00000000000062213,
    "Minute":  0.00000000000062213,
    "Minute_Fluctuation":  0,
    "Minute_5":  0.00000000000062213,
    "Minute_5_Fluctuation":  0,
    "Minute_10":  0.00000000000062213,
    "Minute_10_Fluctuation":  0,
    "Hour":  0.00000000000062213,
    "Hour_Fluctuation":  0,
    "Day":  0.00000000000062213,
    "Day_Fluctuation":  0,
    "ThreeDay":  0.00000000000062213,
    "ThreeDay_Fluctuation":  0,
    "Week":  0.00000000000062213,
    "Week_Fluctuation":  0,
    "Duration":  "1.00:00:00",
    "Updated":  "\/Date(1705308778710)\/",
    "Failed":  0,
    "HashRate_Live":  460191430,
    "HashRate_Average":  460191430,
    "BlockRate_Live":  243,
    "BlockRate_Average":  243,
    "Diff_Live":  246.788956,
    "Diff_Average":  246.788956,
    "Actual24h_Week":  0,
    "Estimate24h_Week":  0,
    "ErrorRatio":  1
}
