{
    "Live":  0.00000002531,
    "Minute":  0.00000002531,
    "Minute_Fluctuation":  0,
    "Minute_5":  0.00000002531,
    "Minute_5_Fluctuation":  0,
    "Minute_10":  0.00000002531,
    "Minute_10_Fluctuation":  0,
    "Hour":  0.00000002531,
    "Hour_Fluctuation":  0,
    "Day":  0.00000002531,
    "Day_Fluctuation":  0,
    "ThreeDay":  0.00000002531,
    "ThreeDay_Fluctuation":  0,
    "Week":  0.00000002531,
    "Week_Fluctuation":  0,
    "Duration":  "1.00:00:00",
    "Updated":  "\/Date(1705308777380)\/",
    "Failed":  0,
    "HashRate_Live":  419,
    "HashRate_Average":  419,
    "BlockRate_Live":  454,
    "BlockRate_Average":  454,
    "Diff_Live":  2.0020917E-05,
    "Diff_Average":  2.0020917E-05,
    "Actual24h_Week":  0,
    "Estimate24h_Week":  0,
    "ErrorRatio":  1
}
