{
    "Live":  0.00000000000083,
    "Minute":  0.00000000000083,
    "Minute_Fluctuation":  0,
    "Minute_5":  0.00000000000083,
    "Minute_5_Fluctuation":  0,
    "Minute_10":  0.00000000000083,
    "Minute_10_Fluctuation":  0,
    "Hour":  0.00000000000083,
    "Hour_Fluctuation":  0,
    "Day":  0.00000000000083,
    "Day_Fluctuation":  0,
    "ThreeDay":  0.00000000000083,
    "ThreeDay_Fluctuation":  0,
    "Week":  0.00000000000083,
    "Week_Fluctuation":  0,
    "Duration":  "1.00:00:00",
    "Updated":  "\/Date(1705308774199)\/",
    "Failed":  0,
    "HashRate_Live":  44822713,
    "HashRate_Average":  44822713,
    "BlockRate_Live":  45,
    "BlockRate_Average":  45,
    "Diff_Live":  29.8809532,
    "Diff_Average":  29.8809532,
    "Actual24h_Week":  0,
    "Estimate24h_Week":  0,
    "ErrorRatio":  1
}
