{
    "Live":  0.00000001016,
    "Minute":  0.00000001016,
    "Minute_Fluctuation":  0,
    "Minute_5":  0.00000001016,
    "Minute_5_Fluctuation":  0,
    "Minute_10":  0.00000001016,
    "Minute_10_Fluctuation":  0,
    "Hour":  0.00000001016,
    "Hour_Fluctuation":  0,
    "Day":  0.00000001016,
    "Day_Fluctuation":  0,
    "ThreeDay":  0.00000001016,
    "ThreeDay_Fluctuation":  0,
    "Week":  0.00000001016,
    "Week_Fluctuation":  0,
    "Duration":  "1.00:00:00",
    "Updated":  "\/Date(1705308779464)\/",
    "Failed":  0,
    "HashRate_Live":  162036,
    "HashRate_Average":  162036,
    "BlockRate_Live":  2103,
    "BlockRate_Average":  2103,
    "Diff_Live":  0.0011107809815,
    "Diff_Average":  0.0011107809815,
    "Actual24h_Week":  0,
    "Estimate24h_Week":  0,
    "ErrorRatio":  1
}
