{
    "Live":  0.00000000000082,
    "Minute":  0.00000000000082,
    "Minute_Fluctuation":  0,
    "Minute_5":  0.00000000000082,
    "Minute_5_Fluctuation":  0,
    "Minute_10":  0.00000000000082,
    "Minute_10_Fluctuation":  0,
    "Hour":  0.00000000000082,
    "Hour_Fluctuation":  0,
    "Day":  0.00000000000082,
    "Day_Fluctuation":  0,
    "ThreeDay":  0.00000000000082,
    "ThreeDay_Fluctuation":  0,
    "Week":  0.00000000000082,
    "Week_Fluctuation":  0,
    "Duration":  "1.00:00:00",
    "Updated":  "\/Date(1705308778905)\/",
    "Failed":  0,
    "HashRate_Live":  14202025,
    "HashRate_Average":  14202025,
    "BlockRate_Live":  629,
    "BlockRate_Average":  629,
    "Diff_Live":  44.999673845,
    "Diff_Average":  44.999673845,
    "Actual24h_Week":  0,
    "Estimate24h_Week":  0,
    "ErrorRatio":  1
}
