{
    "Live":  0.00000000535,
    "Minute":  0.00000000535,
    "Minute_Fluctuation":  0,
    "Minute_5":  0.00000000535,
    "Minute_5_Fluctuation":  0,
    "Minute_10":  0.00000000535,
    "Minute_10_Fluctuation":  0,
    "Hour":  0.00000000535,
    "Hour_Fluctuation":  0,
    "Day":  0.00000000535,
    "Day_Fluctuation":  0,
    "ThreeDay":  0.00000000535,
    "ThreeDay_Fluctuation":  0,
    "Week":  0.00000000535,
    "Week_Fluctuation":  0,
    "Duration":  "1.00:00:00",
    "Updated":  "\/Date(1705308779207)\/",
    "Failed":  0,
    "HashRate_Live":  4093,
    "HashRate_Average":  4093,
    "BlockRate_Live":  79,
    "BlockRate_Average":  79,
    "Diff_Live":  0.00451046751,
    "Diff_Average":  0.00451046751,
    "Actual24h_Week":  0,
    "Estimate24h_Week":  0,
    "ErrorRatio":  1
}
