{
    "Live":  0.00000000035815,
    "Minute":  0.00000000035815,
    "Minute_Fluctuation":  0,
    "Minute_5":  0.00000000035815,
    "Minute_5_Fluctuation":  0,
    "Minute_10":  0.00000000035815,
    "Minute_10_Fluctuation":  0,
    "Hour":  0.00000000035815,
    "Hour_Fluctuation":  0,
    "Day":  0.00000000035815,
    "Day_Fluctuation":  0,
    "ThreeDay":  0.00000000035815,
    "ThreeDay_Fluctuation":  0,
    "Week":  0.00000000035815,
    "Week_Fluctuation":  0,
    "Duration":  "1.00:00:00",
    "Updated":  "\/Date(1705308776095)\/",
    "Failed":  0,
    "HashRate_Live":  938731,
    "HashRate_Average":  938731,
    "BlockRate_Live":  126,
    "BlockRate_Average":  126,
    "Diff_Live":  0.07342242529617,
    "Diff_Average":  0.07342242529617,
    "Actual24h_Week":  0,
    "Estimate24h_Week":  0,
    "ErrorRatio":  1
}
