{
    "Live":  0.00000000000045157,
    "Minute":  0.00000000000045157,
    "Minute_Fluctuation":  0,
    "Minute_5":  0.00000000000045157,
    "Minute_5_Fluctuation":  0,
    "Minute_10":  0.00000000000045157,
    "Minute_10_Fluctuation":  0,
    "Hour":  0.00000000000045157,
    "Hour_Fluctuation":  0,
    "Day":  0.00000000000045157,
    "Day_Fluctuation":  0,
    "ThreeDay":  0.00000000000045157,
    "ThreeDay_Fluctuation":  0,
    "Week":  0.00000000000045157,
    "Week_Fluctuation":  0,
    "Duration":  "1.00:00:00",
    "Updated":  "\/Date(1705308778837)\/",
    "Failed":  0,
    "HashRate_Live":  2457795,
    "HashRate_Average":  2457795,
    "BlockRate_Live":  409,
    "BlockRate_Average":  409,
    "Diff_Live":  21.5365064,
    "Diff_Average":  21.5365064,
    "Actual24h_Week":  0,
    "Estimate24h_Week":  0,
    "ErrorRatio":  1
}
