{
    "Live":  0.00000000000007699,
    "Minute":  0.00000000000007699,
    "Minute_Fluctuation":  0,
    "Minute_5":  0.00000000000007699,
    "Minute_5_Fluctuation":  0,
    "Minute_10":  0.00000000000007699,
    "Minute_10_Fluctuation":  0,
    "Hour":  0.00000000000007699,
    "Hour_Fluctuation":  0,
    "Day":  0.00000000000007699,
    "Day_Fluctuation":  0,
    "ThreeDay":  0.00000000000007699,
    "ThreeDay_Fluctuation":  0,
    "Week":  0.00000000000007699,
    "Week_Fluctuation":  0,
    "Duration":  "1.00:00:00",
    "Updated":  "\/Date(1705308774696)\/",
    "Failed":  0,
    "HashRate_Live":  10325369815,
    "HashRate_Average":  10325369815,
    "BlockRate_Live":  548,
    "BlockRate_Average":  548,
    "Diff_Live":  25453468182713.082,
    "Diff_Average":  25453468182713.082,
    "Actual24h_Week":  0,
    "Estimate24h_Week":  0,
    "ErrorRatio":  1
}
