{
    "Live":  0.00000000000000143,
    "Minute":  0.00000000000000143,
    "Minute_Fluctuation":  0,
    "Minute_5":  0.00000000000000143,
    "Minute_5_Fluctuation":  0,
    "Minute_10":  0.00000000000000143,
    "Minute_10_Fluctuation":  0,
    "Hour":  0.00000000000000143,
    "Hour_Fluctuation":  0,
    "Day":  0.00000000000000143,
    "Day_Fluctuation":  0,
    "ThreeDay":  0.00000000000000143,
    "ThreeDay_Fluctuation":  0,
    "Week":  0.00000000000000143,
    "Week_Fluctuation":  0,
    "Duration":  "1.00:00:00",
    "Updated":  "\/Date(1705308775168)\/",
    "Failed":  0,
    "HashRate_Live":  1833209781303,
    "HashRate_Average":  1833209781303,
    "BlockRate_Live":  46,
    "BlockRate_Average":  46,
    "Diff_Live":  710203.761,
    "Diff_Average":  710203.761,
    "Actual24h_Week":  0,
    "Estimate24h_Week":  0,
    "ErrorRatio":  1
}
