{
    "Live":  0.0000000000004131,
    "Minute":  0.0000000000004131,
    "Minute_Fluctuation":  0,
    "Minute_5":  0.0000000000004131,
    "Minute_5_Fluctuation":  0,
    "Minute_10":  0.0000000000004131,
    "Minute_10_Fluctuation":  0,
    "Hour":  0.0000000000004131,
    "Hour_Fluctuation":  0,
    "Day":  0.0000000000004131,
    "Day_Fluctuation":  0,
    "ThreeDay":  0.0000000000004131,
    "ThreeDay_Fluctuation":  0,
    "Week":  0.0000000000004131,
    "Week_Fluctuation":  0,
    "Duration":  "1.00:00:00",
    "Updated":  "\/Date(1705308774855)\/",
    "Failed":  0,
    "HashRate_Live":  1920361016,
    "HashRate_Average":  1920361016,
    "BlockRate_Live":  57,
    "BlockRate_Average":  57,
    "Diff_Live":  71.424752,
    "Diff_Average":  71.424752,
    "Actual24h_Week":  0,
    "Estimate24h_Week":  0,
    "ErrorRatio":  1
}
