{
    "Live":  0.00000000286,
    "Minute":  0.00000000286,
    "Minute_Fluctuation":  0,
    "Minute_5":  0.00000000286,
    "Minute_5_Fluctuation":  0,
    "Minute_10":  0.00000000286,
    "Minute_10_Fluctuation":  0,
    "Hour":  0.00000000286,
    "Hour_Fluctuation":  0,
    "Day":  0.00000000286,
    "Day_Fluctuation":  0,
    "ThreeDay":  0.00000000286,
    "ThreeDay_Fluctuation":  0,
    "Week":  0.00000000286,
    "Week_Fluctuation":  0,
    "Duration":  "1.00:00:00",
    "Updated":  "\/Date(1705308779127)\/",
    "Failed":  0,
    "HashRate_Live":  102892,
    "HashRate_Average":  102892,
    "BlockRate_Live":  148,
    "BlockRate_Average":  148,
    "Diff_Live":  0.014945482546333334,
    "Diff_Average":  0.014945482546333334,
    "Actual24h_Week":  0,
    "Estimate24h_Week":  0,
    "ErrorRatio":  1
}
