{
    "Live":  0.00000000000538,
    "Minute":  0.00000000000538,
    "Minute_Fluctuation":  0,
    "Minute_5":  0.00000000000538,
    "Minute_5_Fluctuation":  0,
    "Minute_10":  0.00000000000538,
    "Minute_10_Fluctuation":  0,
    "Hour":  0.00000000000538,
    "Hour_Fluctuation":  0,
    "Day":  0.00000000000538,
    "Day_Fluctuation":  0,
    "ThreeDay":  0.00000000000538,
    "ThreeDay_Fluctuation":  0,
    "Week":  0.00000000000538,
    "Week_Fluctuation":  0,
    "Duration":  "1.00:00:00",
    "Updated":  "\/Date(1705308778314)\/",
    "Failed":  0,
    "HashRate_Live":  90855242,
    "HashRate_Average":  90855242,
    "BlockRate_Live":  46,
    "BlockRate_Average":  46,
    "Diff_Live":  38.8870449,
    "Diff_Average":  38.8870449,
    "Actual24h_Week":  0,
    "Estimate24h_Week":  0,
    "ErrorRatio":  1
}
