{
    "Live":  0.00000000000000812,
    "Minute":  0.00000000000000812,
    "Minute_Fluctuation":  0,
    "Minute_5":  0.00000000000000812,
    "Minute_5_Fluctuation":  0,
    "Minute_10":  0.00000000000000812,
    "Minute_10_Fluctuation":  0,
    "Hour":  0.00000000000000812,
    "Hour_Fluctuation":  0,
    "Day":  0.00000000000000812,
    "Day_Fluctuation":  0,
    "ThreeDay":  0.00000000000000812,
    "ThreeDay_Fluctuation":  0,
    "Week":  0.00000000000000812,
    "Week_Fluctuation":  0,
    "Duration":  "1.00:00:00",
    "Updated":  "\/Date(1705308775315)\/",
    "Failed":  0,
    "HashRate_Live":  54638397823,
    "HashRate_Average":  54638397823,
    "BlockRate_Live":  14,
    "BlockRate_Average":  14,
    "Diff_Live":  229345833420900,
    "Diff_Average":  229345833420900,
    "Actual24h_Week":  0,
    "Estimate24h_Week":  0,
    "ErrorRatio":  1
}
