{
    "Live":  0.0000000000000096,
    "Minute":  0.0000000000000096,
    "Minute_Fluctuation":  0,
    "Minute_5":  0.0000000000000096,
    "Minute_5_Fluctuation":  0,
    "Minute_10":  0.0000000000000096,
    "Minute_10_Fluctuation":  0,
    "Hour":  0.0000000000000096,
    "Hour_Fluctuation":  0,
    "Day":  0.0000000000000096,
    "Day_Fluctuation":  0,
    "ThreeDay":  0.0000000000000096,
    "ThreeDay_Fluctuation":  0,
    "Week":  0.0000000000000096,
    "Week_Fluctuation":  0,
    "Duration":  "1.00:00:00",
    "Updated":  "\/Date(1705308777813)\/",
    "Failed":  0,
    "HashRate_Live":  29466911624,
    "HashRate_Average":  29466911624,
    "BlockRate_Live":  12,
    "BlockRate_Average":  12,
    "Diff_Live":  23739.7299,
    "Diff_Average":  23739.7299,
    "Actual24h_Week":  0,
    "Estimate24h_Week":  0,
    "ErrorRatio":  1
}
