{
    "Live":  0.00000000000000766,
    "Minute":  0.00000000000000766,
    "Minute_Fluctuation":  0,
    "Minute_5":  0.00000000000000766,
    "Minute_5_Fluctuation":  0,
    "Minute_10":  0.00000000000000766,
    "Minute_10_Fluctuation":  0,
    "Hour":  0.00000000000000766,
    "Hour_Fluctuation":  0,
    "Day":  0.00000000000000766,
    "Day_Fluctuation":  0,
    "ThreeDay":  0.00000000000000766,
    "ThreeDay_Fluctuation":  0,
    "Week":  0.00000000000000766,
    "Week_Fluctuation":  0,
    "Duration":  "1.00:00:00",
    "Updated":  "\/Date(1705308777728)\/",
    "Failed":  0,
    "HashRate_Live":  1546625969,
    "HashRate_Average":  1546625969,
    "BlockRate_Live":  31,
    "BlockRate_Average":  31,
    "Diff_Live":  4788.53241,
    "Diff_Average":  4788.53241,
    "Actual24h_Week":  0,
    "Estimate24h_Week":  0,
    "ErrorRatio":  1
}
