{
    "Live":  0.00000000000093,
    "Minute":  0.00000000000093,
    "Minute_Fluctuation":  0,
    "Minute_5":  0.00000000000093,
    "Minute_5_Fluctuation":  0,
    "Minute_10":  0.00000000000093,
    "Minute_10_Fluctuation":  0,
    "Hour":  0.00000000000093,
    "Hour_Fluctuation":  0,
    "Day":  0.00000000000093,
    "Day_Fluctuation":  0,
    "ThreeDay":  0.00000000000093,
    "ThreeDay_Fluctuation":  0,
    "Week":  0.00000000000093,
    "Week_Fluctuation":  0,
    "Duration":  "1.00:00:00",
    "Updated":  "\/Date(1705308773703)\/",
    "Failed":  0,
    "HashRate_Live":  35371851,
    "HashRate_Average":  35371851,
    "BlockRate_Live":  359,
    "BlockRate_Average":  359,
    "Diff_Live":  5.39750081,
    "Diff_Average":  5.39750081,
    "Actual24h_Week":  0,
    "Estimate24h_Week":  0,
    "ErrorRatio":  1
}
