{
    "Live":  0.00000000461,
    "Minute":  0.00000000461,
    "Minute_Fluctuation":  0,
    "Minute_5":  0.00000000461,
    "Minute_5_Fluctuation":  0,
    "Minute_10":  0.00000000461,
    "Minute_10_Fluctuation":  0,
    "Hour":  0.00000000461,
    "Hour_Fluctuation":  0,
    "Day":  0.00000000461,
    "Day_Fluctuation":  0,
    "ThreeDay":  0.00000000461,
    "ThreeDay_Fluctuation":  0,
    "Week":  0.00000000461,
    "Week_Fluctuation":  0,
    "Duration":  "1.00:00:00",
    "Updated":  "\/Date(1705308776009)\/",
    "Failed":  0,
    "HashRate_Live":  6403,
    "HashRate_Average":  6403,
    "BlockRate_Live":  398,
    "BlockRate_Average":  398,
    "Diff_Live":  0.000777529344,
    "Diff_Average":  0.000777529344,
    "Actual24h_Week":  0,
    "Estimate24h_Week":  0,
    "ErrorRatio":  1
}
