{
    "Live":  0.00000000000080551,
    "Minute":  0.00000000000080551,
    "Minute_Fluctuation":  0,
    "Minute_5":  0.00000000000080551,
    "Minute_5_Fluctuation":  0,
    "Minute_10":  0.00000000000080551,
    "Minute_10_Fluctuation":  0,
    "Hour":  0.00000000000080551,
    "Hour_Fluctuation":  0,
    "Day":  0.00000000000080551,
    "Day_Fluctuation":  0,
    "ThreeDay":  0.00000000000080551,
    "ThreeDay_Fluctuation":  0,
    "Week":  0.00000000000080551,
    "Week_Fluctuation":  0,
    "Duration":  "1.00:00:00",
    "Updated":  "\/Date(1705308775863)\/",
    "Failed":  0,
    "HashRate_Live":  155489269,
    "HashRate_Average":  155489269,
    "BlockRate_Live":  158,
    "BlockRate_Average":  158,
    "Diff_Live":  17.8411868,
    "Diff_Average":  17.8411868,
    "Actual24h_Week":  0,
    "Estimate24h_Week":  0,
    "ErrorRatio":  1
}
