{
    "Live":  0.00000000000000000194923,
    "Minute":  0.00000000000000000194923,
    "Minute_Fluctuation":  0,
    "Minute_5":  0.00000000000000000194923,
    "Minute_5_Fluctuation":  0,
    "Minute_10":  0.00000000000000000194923,
    "Minute_10_Fluctuation":  0,
    "Hour":  0.00000000000000000194923,
    "Hour_Fluctuation":  0,
    "Day":  0.00000000000000000194923,
    "Day_Fluctuation":  0,
    "ThreeDay":  0.00000000000000000194923,
    "ThreeDay_Fluctuation":  0,
    "Week":  0.00000000000000000194923,
    "Week_Fluctuation":  0,
    "Duration":  "1.00:00:00",
    "Updated":  "\/Date(1705308786600)\/",
    "Failed":  0,
    "HashRate_Live":  3648062563603300,
    "HashRate_Average":  3.6480625636033E+15,
    "BlockRate_Live":  1272,
    "BlockRate_Average":  1272,
    "Diff_Live":  0,
    "Diff_Average":  0,
    "Actual24h_Week":  0,
    "Estimate24h_Week":  0,
    "ErrorRatio":  1
}
