{
    "Live":  0.00000000011187,
    "Minute":  0.00000000011187,
    "Minute_Fluctuation":  0,
    "Minute_5":  0.00000000011187,
    "Minute_5_Fluctuation":  0,
    "Minute_10":  0.00000000011187,
    "Minute_10_Fluctuation":  0,
    "Hour":  0.00000000011187,
    "Hour_Fluctuation":  0,
    "Day":  0.00000000011187,
    "Day_Fluctuation":  0,
    "ThreeDay":  0.00000000011187,
    "ThreeDay_Fluctuation":  0,
    "Week":  0.00000000011187,
    "Week_Fluctuation":  0,
    "Duration":  "1.00:00:00",
    "Updated":  "\/Date(1705308784742)\/",
    "Failed":  0,
    "HashRate_Live":  224469,
    "HashRate_Average":  224469,
    "BlockRate_Live":  434,
    "BlockRate_Average":  434,
    "Diff_Live":  0,
    "Diff_Average":  0,
    "Actual24h_Week":  0,
    "Estimate24h_Week":  0,
    "ErrorRatio":  1
}
